name,age,office,phone
Garry,1,busan,398-364-5515
Gwyn,2,seoul,789-974-4080
Pier,3,busan,386-580-4150
Didi,4,seoul,684-507-1311
Emmey,5,busan,582-562-6340
Atlanta,6,Shufflester,569-854-0588
Leone,7,Gabtune,378-603-4098
Erie,8,Layo,902-578-2506
Ferdinand,9,Realpoint,834-945-8469
Ronnie,10,Kaymbo,412-884-5185
Lillian,11,Photolist,757-501-0477
Bobbee,12,Flashset,999-933-9302
Orrin,13,Wordware,260-259-2702
Terri,14,Trilia,806-489-1095
Justine,15,Brightbean,740-343-8874
Ashton,16,Jayo,836-891-9235
Skip,17,Browsebug,175-614-2917
Barbi,18,Tazz,239-809-7866
Edee,19,Realblab,874-241-7889
Shane,20,Aibox,379-726-3117
Paxton,21,Blogtag,592-463-9470
Hanson,22,Zoonoodle,976-840-5635
Alissa,23,Browsetype,878-507-8809
Keenan,24,Leexo,911-451-5994
Vicki,25,Quimm,340-723-0218
Dewitt,26,Devpoint,986-683-3572
Delmore,27,Fivespan,186-218-6205
Colleen,28,Edgeclub,235-464-3569
Rowena,29,Topiczoom,910-239-3222
Ryun,30,Yakidoo,856-833-7489
Ramonda,31,Fivespan,468-429-6698
Seamus,32,Photobug,820-579-9903
Crista,33,Kare,961-113-0494
Wileen,34,Fliptune,777-601-5894
Michal,35,Edgeblab,282-624-5200
Tedra,36,Jabbersphere,582-439-6171
Bari,37,Dabjam,670-545-2883
Deeyn,38,Feedfire,140-661-7385
Traci,39,Rhycero,624-484-4996
Shelly,40,Linklinks,332-960-4178
Miof mela,41,Devify,460-436-7858
Vassili,42,Dabfeed,211-651-6778
Archibaldo,43,Wikido,643-773-8263
Wallie,44,Thoughtbeat,262-920-7415
Elna,45,Tagfeed,596-629-1595
Gussi,46,Browsezoom,754-303-7960
Brendan,47,Eamia,403-755-3985
Consalve,48,Riffpath,219-623-8861
Adam,49,Dazzlesphere,634-746-2849
Demetrius,50,Centimia,394-856-9760
Estele,51,Katz,108-659-1570
Herrick,52,Meedoo,792-323-4075
Corabella,53,Eamia,323-129-6222
Gustaf,54,Minyx,450-491-6271
Crosby,55,Jabbersphere,638-651-5284
Lelah,56,Gigaclub,501-639-2273
Monty,57,Einti,350-515-6182
Niles,58,Edgewire,186-794-0863
Cymbre,59,Quatz,774-128-1269
Terra,60,Voomm,512-202-6847
Cy,61,Dynazzy,850-403-9641
Blondell,62,Edgeify,340-188-7142
Lucien,63,Mita,286-281-9576
Leonelle,64,Rhynoodle,681-886-6203
Clari,65,Dynazzy,286-119-3025
Aidan,66,Twimbo,310-141-1932
Bert,67,Livetube,542-818-4283
Carrie,68,Avamba,764-945-6732
Charity,69,Tavu,584-254-9332
Angus,70,Jabbercube,462-228-6496
Dita,71,Einti,942-797-5698
Lizette,72,Realfire,650-959-2615
Gratiana,73,Bubbletube,577-583-3317
Ellery,74,Brainverse,335-599-9636
Randene,75,Reallinks,867-292-2254
Violetta,76,Chatterpoint,948-472-4841
Richart,77,Katz,756-263-7268
Gilligan,78,Riffpedia,814-709-8580
Jacquetta,79,Twinder,151-976-9508
Rani,80,Buzzbean,865-461-0932
Lindy,81,Divanoodle,171-170-2817
Neile,82,Kwimbee,188-186-2863
Normy,83,Jabbercube,502-440-8784
Jeffy,84,Devify,155-352-9626
Melany,85,Izio,816-665-7361
Loella,86,Centizu,965-697-8021
Allan,87,Meedoo,738-959-4076
Dina,88,Avamba,210-304-6179
Corrianne,89,Lazzy,642-220-2249
Maurise,90,Flipopia,542-725-9236
Brooks,91,Yata,250-234-6553
Gabrielle,92,Skyba,306-821-3721
See,93,Mudo,960-469-2753
Flemming,94,Zava,736-433-2924
Gannon,95,Skinder,710-274-7288
Osmond,96,Skiptube,955-105-0976
Merle,97,Kimia,911-115-6569
Marian,98,Wikivu,181-926-8945
Johnny,99,Riffwire,900-410-0615
Leora,100,Thoughtblab,625-705-3921
